Timestamp,Milliseconds,X,Y,Z
2020-07-14 15:19:33,1,-0.28970724,-1.7981004,9.452597
2020-07-14 15:19:33,10,-0.600963,-1.8292259,9.778218
2020-07-14 15:19:33,20,-0.679974,-1.7478206,9.907509
2020-07-14 15:19:33,31,-0.5985687,-1.7095122,9.866806
2020-07-14 15:19:33,40,-0.5027977,-1.6759924,9.838076
2020-07-14 15:19:33,50,-0.44533512,-1.673598,9.811738
2020-07-14 15:19:33,60,-0.38308397,-1.637684,9.780613
2020-07-14 15:19:33,70,-0.38068968,-1.6161355,9.70639
2020-07-14 15:19:33,80,-0.38547826,-1.6089526,9.675264
2020-07-14 15:19:33,90,-0.36392978,-1.6257126,9.715967
2020-07-14 15:19:33,100,-0.37111259,-1.620924,9.742304
2020-07-14 15:19:33,110,-0.42378664,-1.6257126,9.735122
2020-07-14 15:19:33,120,-0.4860378,-1.6616267,9.732727
2020-07-14 15:19:33,130,-0.51955765,-1.6927522,9.72315
2020-07-14 15:19:33,140,-0.5554718,-1.690358,9.73991
2020-07-14 15:19:33,151,-0.5554718,-1.6807809,9.703996
2020-07-14 15:19:33,160,-0.57462597,-1.6688095,9.70639
2020-07-14 15:19:33,170,-0.55307746,-1.6592325,9.718362
2020-07-14 15:19:33,180,-0.53392327,-1.6831752,9.732727
2020-07-14 15:19:33,190,-0.5147691,-1.690358,9.794978
2020-07-14 15:19:33,200,-0.50998056,-1.7119064,9.809344
2020-07-14 15:19:33,210,-0.47885495,-1.7310607,9.763853
2020-07-14 15:19:33,221,-0.42378664,-1.7214836,9.787795
2020-07-14 15:19:33,230,-0.3974496,-1.7023294,9.797373
2020-07-14 15:19:33,240,-0.36392978,-1.6927522,9.77343
2020-07-14 15:19:33,250,-0.34716985,-1.6831752,9.711179
2020-07-14 15:19:33,260,-0.33759275,-1.6616267,9.665688
2020-07-14 15:19:33,270,-0.32083282,-1.6712039,9.7135725
2020-07-14 15:19:33,281,-0.3328042,-1.6879637,9.751882
2020-07-14 15:19:33,290,-0.34477556,-1.664021,9.864412
2020-07-14 15:19:33,300,-0.409421,-1.6712039,9.921875
2020-07-14 15:19:33,310,-0.4285752,-1.7143008,9.917087
2020-07-14 15:19:33,321,-0.38547826,-1.7214836,9.912297
2020-07-14 15:19:33,330,-0.3902668,-1.7143008,9.850046
2020-07-14 15:19:33,340,-0.37350687,-1.7071179,9.744699
2020-07-14 15:19:33,350,-0.34716985,-1.6927522,9.641745
2020-07-14 15:19:33,360,-0.27055305,-1.6448668,9.780613
2020-07-14 15:19:33,370,-0.31843856,-1.6281068,10.041589
2020-07-14 15:19:33,380,-0.3974496,-1.6089526,9.984126
2020-07-14 15:19:33,391,-0.43815228,-1.6544439,9.7135725
2020-07-14 15:19:33,400,-0.3902668,-1.6831752,9.668081
2020-07-14 15:19:33,410,-0.2466103,-1.7023294,9.775824
2020-07-14 15:19:33,420,-0.2561874,-1.5538844,10.130177
2020-07-14 15:19:34,430,-0.67279124,-1.2186859,9.565128
2020-07-14 15:19:34,441,-1.0774237,-0.9984126,9.150918
2020-07-14 15:19:34,450,-0.84278476,-1.2186859,9.804555
2020-07-14 15:19:34,460,-0.46209505,-1.6448668,10.862824
2020-07-14 15:19:34,470,-0.28013015,-2.0854135,11.751101
2020-07-14 15:19:34,481,-0.42139238,-2.2985039,11.98574
2020-07-14 15:19:34,490,-0.5123748,-2.2601955,12.000105
2020-07-14 15:19:34,501,-0.4166038,-2.1452703,11.60505
2020-07-14 15:19:34,510,-0.22745611,-1.9800652,10.99451
2020-07-14 15:19:34,520,0.30886146,-1.8723229,10.7048025
2020-07-14 15:19:34,531,0.89545876,-1.8771114,10.824516
2020-07-14 15:19:34,540,1.350371,-1.7071179,10.465375
2020-07-14 15:19:34,551,1.5227587,-1.6017698,10.295382
2020-07-14 15:19:34,560,1.6520497,-1.3575538,9.840469
2020-07-14 15:19:34,570,1.7071179,-1.2091088,9.766247
2020-07-14 15:19:34,580,1.7310607,-1.185166,10.458193
2020-07-14 15:19:34,590,1.7933118,-1.3072741,10.40073
2020-07-14 15:19:34,601,1.8603516,-1.4126221,10.474953
2020-07-14 15:19:34,610,2.1811843,-1.4605076,10.259467
2020-07-14 15:19:34,620,2.5331428,-1.3264283,9.914692
2020-07-14 15:19:34,630,2.7414446,-1.0774237,9.955395
2020-07-14 15:19:34,641,2.6720107,-0.88109314,10.005674
2020-07-14 15:19:34,650,2.5403256,-0.71828246,10.127783
2020-07-14 15:19:34,660,2.5139885,-0.66321415,10.676071
2020-07-14 15:19:34,670,2.4517374,-0.81165916,11.81814
2020-07-14 15:19:34,681,2.169213,-0.87151605,12.043202
2020-07-14 15:19:34,690,1.5874043,-0.9241901,12.184464
2020-07-14 15:19:34,703,1.2138973,-0.92658436,12.203619
2020-07-14 15:19:34,710,1.0989721,-0.8786988,12.251504
2020-07-14 15:19:34,721,1.1899546,-0.71588814,12.620222
2020-07-14 15:19:34,730,1.2354459,-0.56744313,12.567549
2020-07-14 15:19:34,740,1.1372806,-0.3328042,12.356853
2020-07-14 15:19:34,750,0.74701375,-0.05506832,12.217984
2020-07-14 15:19:34,761,0.2083019,0.26337022,11.822929
2020-07-14 15:19:34,771,0.1699935,0.36632404,11.602655
2020-07-14 15:19:34,780,0.23942748,0.5027977,11.332103
2020-07-14 15:19:34,790,0.2370332,0.70870537,11.255486
2020-07-14 15:19:34,800,0.019154198,0.9241901,11.164503
2020-07-14 15:19:34,810,-0.09577099,1.063058,11.190841
2020-07-14 15:19:34,821,-0.33519846,1.1995317,11.085492
2020-07-14 15:19:34,831,-0.53392327,1.2953026,10.975356
2020-07-14 15:19:34,840,-0.8092649,1.4509305,10.690437
2020-07-14 15:19:34,850,-1.0391153,1.7382435,10.3193245
2020-07-14 15:19:34,861,-1.2809371,2.1500587,9.660899
2020-07-14 15:19:34,871,-1.472479,2.5331428,9.277815
2020-07-14 15:19:34,880,-1.7573977,2.971295,8.818114
2020-07-14 15:19:34,890,-2.056682,3.3304362,8.547561
2020-07-14 15:19:34,901,-2.2841382,3.4956412,8.22194
2020-07-14 15:19:34,910,-2.3870919,3.4788814,8.061523
2020-07-14 15:19:34,921,-2.5475085,3.4309957,7.9681463
2020-07-14 15:19:34,930,-2.7749646,3.3998702,7.59464
2020-07-14 15:19:34,940,-2.9162266,3.469304,7.391126
2020-07-14 15:19:34,951,-3.100586,3.6177492,7.3216925
2020-07-14 15:19:34,960,-3.2490308,3.7949257,7.2953553
2020-07-14 15:19:34,970,-3.3424077,4.051113,7.1995845
2020-07-14 15:19:34,981,-3.241848,4.216318,6.7997403
2020-07-14 15:19:34,991,-3.0766432,4.4198313,6.3903193
2020-07-14 15:19:34,1000,-2.8443985,4.6999617,5.7366824
2020-07-14 15:19:34,1011,-2.779753,4.989669,5.1644506
2020-07-14 15:19:34,1020,-2.8156672,5.2745876,4.5539107
2020-07-14 15:19:34,1031,-2.9617178,5.626546,4.352792
2020-07-14 15:19:34,1040,-3.1317115,5.913859,4.558699
2020-07-14 15:19:34,1051,-3.3328304,6.134132,4.599402
2020-07-14 15:19:34,1061,-3.3950818,6.220326,4.5419393
2020-07-14 15:19:34,1070,-3.0287576,6.261029,4.170827
2020-07-14 15:19:34,1080,-2.5020173,6.3711653,4.249838
2020-07-14 15:19:34,1090,-2.073442,6.5579185,4.3240604
2020-07-14 15:19:34,1101,-1.8651401,6.864386,4.5084195
2020-07-14 15:19:34,1110,-1.9968252,7.118179,4.4485626
2020-07-14 15:19:34,1120,-2.152453,7.3384523,3.929005
2020-07-14 15:19:34,1131,-2.3918805,7.501263,3.5387383
2020-07-14 15:19:34,1140,-2.6815877,7.553937,3.1221344
2020-07-14 15:19:34,1151,-2.7845416,7.5036573,2.8156672
2020-07-14 15:19:34,1160,-2.4493432,7.467743,3.3256476
2020-07-14 15:19:34,1170,-1.9106313,7.5467544,3.7829542
2020-07-14 15:19:34,1181,-1.5826156,7.7047763,3.9266107
2020-07-14 15:19:34,1190,-1.5227587,7.910684,4.041536
2020-07-14 15:19:34,1201,-1.8483802,8.162083,3.991256
2020-07-14 15:19:34,1210,-2.3966691,8.2339115,3.5890179
2020-07-14 15:19:34,1221,-2.4684973,8.250671,3.4046588
2020-07-14 15:19:34,1230,-2.2147043,8.300951,3.8021083
2020-07-14 15:19:34,1240,-1.8627458,8.296163,4.09421
2020-07-14 15:19:34,1251,-1.673598,8.341654,4.0966043
2020-07-14 15:19:34,1260,-1.6855695,8.396722,3.849994
2020-07-14 15:19:34,1270,-1.7143008,8.490098,3.476487
2020-07-14 15:19:34,1281,-1.611347,8.530801,3.3735332
2020-07-14 15:19:34,1290,-1.5395187,8.535589,3.45015
2020-07-14 15:19:34,1300,-1.3791022,8.504464,3.5435266
2020-07-14 15:19:34,1310,-1.1731946,8.437425,3.5363438
2020-07-14 15:19:34,1321,-1.0870007,8.403905,3.469304
2020-07-14 15:19:34,1330,-0.9289786,8.413482,3.4836698
2020-07-14 15:19:34,1340,-0.7637737,8.377567,3.5171897
2020-07-14 15:19:34,1350,-0.67757976,8.320105,3.4046588
2020-07-14 15:19:34,1361,-0.57462597,8.315316,3.3304362
2020-07-14 15:19:34,1370,-0.38068968,8.339259,3.4190245
2020-07-14 15:19:34,1380,-0.19393626,8.389539,3.7135203
2020-07-14 15:19:34,1390,-0.062251143,8.40151,3.9673133
2020-07-14 15:19:34,1400,-0.0071828244,8.413482,4.209135
2020-07-14 15:19:34,1411,-0.06943397,8.430242,4.2977233
2020-07-14 15:19:34,1420,-0.17478207,8.449396,4.2833576
2020-07-14 15:19:35,1430,-0.20351335,8.470944,4.4198313
2020-07-14 15:19:35,1441,-0.21069619,8.461368,4.580248
2020-07-14 15:19:35,1450,-0.22985038,8.45179,4.740664
2020-07-14 15:19:35,1461,-0.22027329,8.430242,4.9417834
2020-07-14 15:19:35,1470,-0.18435916,8.40151,5.140508
2020-07-14 15:19:35,1480,-0.16041641,8.291373,5.305713
2020-07-14 15:19:35,1491,-0.06943397,8.217151,5.446975
2020-07-14 15:19:35,1500,0.016759925,8.226728,5.564295
2020-07-14 15:19:35,1511,0.047885496,8.250671,5.3631754
2020-07-14 15:19:35,1520,0.05027977,8.322499,5.2267017
2020-07-14 15:19:35,1531,0.11013664,8.403905,5.0830455
2020-07-14 15:19:35,1541,0.2370332,8.454185,5.212336
2020-07-14 15:19:35,1550,0.31125572,8.415876,5.28177
2020-07-14 15:19:35,1560,0.5027977,8.332076,5.33205
2020-07-14 15:19:35,1571,0.76137936,8.147717,5.334444
2020-07-14 15:19:35,1580,0.82602483,8.073495,5.384724
2020-07-14 15:19:35,1591,0.86193895,7.9418097,5.504438
2020-07-14 15:19:35,1600,0.8475733,7.8699813,5.6361227
2020-07-14 15:19:35,1610,0.9194015,7.8364615,5.834848
2020-07-14 15:19:35,1621,1.0462981,7.8556156,6.071881
2020-07-14 15:19:35,1630,1.1109436,7.970541,5.9378014
2020-07-14 15:19:35,1640,1.1947432,8.109408,5.7199225
2020-07-14 15:19:35,1651,1.3096683,8.262642,5.803722
2020-07-14 15:19:35,1660,1.297697,8.322499,5.8252707
2020-07-14 15:19:35,1670,1.2761484,8.391933,5.7582307
2020-07-14 15:19:35,1681,1.2833313,8.394327,5.7295
2020-07-14 15:19:35,1690,1.2354459,8.348836,5.7965393
2020-07-14 15:19:35,1701,1.1300977,8.253065,5.9808984
2020-07-14 15:19:35,1710,0.87151605,8.159689,5.952167
2020-07-14 15:19:35,1720,0.5985687,8.109408,5.880339
2020-07-14 15:19:35,1730,0.42139238,8.090255,5.940196
2020-07-14 15:19:35,1741,0.3328042,8.056735,6.028784
2020-07-14 15:19:35,1750,0.26097596,8.059129,5.9665327
2020-07-14 15:19:35,1760,0.20590763,8.102226,5.8013277
2020-07-14 15:19:35,1770,0.14605077,8.190814,5.5906315
2020-07-14 15:19:35,1781,0.09337672,8.267431,5.4230323
2020-07-14 15:19:35,1790,0.083799616,8.322499,5.276982
2020-07-14 15:19:35,1800,0.07901107,8.387145,5.106988
2020-07-14 15:19:35,1811,-0.0047885496,8.449396,4.9010806
2020-07-14 15:19:35,1820,-0.07422252,8.497281,4.846012
2020-07-14 15:19:35,1830,-0.08619389,8.571504,4.8771377
2020-07-14 15:19:35,1841,-0.06943397,8.583475,4.932206
2020-07-14 15:19:35,1850,-0.10055954,8.590658,4.8843207
2020-07-14 15:19:35,1860,-0.09337672,8.530801,4.8148866
2020-07-14 15:19:35,1871,-0.11971374,8.480521,4.817281
2020-07-14 15:19:35,1880,-0.105348095,8.430242,4.972909
2020-07-14 15:19:35,1891,-0.062251143,8.406299,5.071074
2020-07-14 15:19:35,1900,-0.038308397,8.389539,5.1883936
2020-07-14 15:19:35,1910,0.035914123,8.360807,5.260222
2020-07-14 15:19:35,1920,0.12929083,8.356019,5.3440213
2020-07-14 15:19:35,1931,0.2083019,8.372779,5.420638
2020-07-14 15:19:35,1940,0.2083019,8.336864,5.394301
2020-07-14 15:19:35,1950,0.20111908,8.322499,5.322473
2020-07-14 15:19:35,1961,0.22506183,8.274613,5.253039
2020-07-14 15:19:35,1970,0.28731298,8.277008,5.233885
2020-07-14 15:19:35,1980,0.31365,8.317711,5.1883936
2020-07-14 15:19:35,1991,0.32562137,8.344048,5.2027593
2020-07-14 15:19:35,2000,0.27055305,8.336864,5.2506447
2020-07-14 15:19:35,2010,0.21787901,8.334471,5.2841644
2020-07-14 15:19:35,2021,0.22745611,8.327288,5.3512044
2020-07-14 15:19:35,2030,0.105348095,8.296163,5.339233
2020-07-14 15:19:35,2041,0.07422252,8.346442,5.3081074
2020-07-14 15:19:35,2050,0.07422252,8.346442,5.341627
2020-07-14 15:19:35,2060,0.05506832,8.360807,5.3368387
2020-07-14 15:19:35,2070,0.023942748,8.360807,5.339233
2020-07-14 15:19:35,2081,-0.045491222,8.379962,5.355993
2020-07-14 15:19:35,2090,-0.098165266,8.377567,5.358387
2020-07-14 15:19:35,2101,-0.17957062,8.3679905,5.3799353
2020-07-14 15:19:35,2110,-0.20590763,8.332076,5.3272614
2020-07-14 15:19:35,2120,-0.22266756,8.334471,5.217125
2020-07-14 15:19:35,2131,-0.22745611,8.353624,5.0926223
2020-07-14 15:19:35,2140,-0.22506183,8.382356,5.054314
2020-07-14 15:19:35,2151,-0.15802214,8.41827,5.147691
2020-07-14 15:19:35,2160,-0.12210801,8.449396,5.2027593
2020-07-14 15:19:35,2170,-0.12450229,8.4230585,5.2051535
2020-07-14 15:19:35,2181,-0.10055954,8.4230585,5.111777
2020-07-14 15:19:35,2191,-0.12689656,8.430242,5.0662856
2020-07-14 15:19:35,2201,-0.12450229,8.425453,5.0207944
2020-07-14 15:19:35,2210,-0.15802214,8.437425,5.008823
2020-07-14 15:19:35,2220,-0.15802214,8.447001,5.00164
2020-07-14 15:19:35,2231,-0.102953814,8.447001,4.9369946
2020-07-14 15:19:35,2240,0.021548472,8.463761,4.9609375
2020-07-14 15:19:35,2250,0.15083931,8.480521,4.9010806
2020-07-14 15:19:35,2261,0.19393626,8.535589,4.7957325
2020-07-14 15:19:35,2272,0.22745611,8.605023,4.743058
2020-07-14 15:19:35,2280,0.24182175,8.605023,4.850801
2020-07-14 15:19:35,2291,0.22027329,8.55235,5.030371
2020-07-14 15:19:35,2300,0.17717634,8.46855,5.2410674
2020-07-14 15:19:35,2310,0.19393626,8.329682,5.583449
2020-07-14 15:19:35,2321,0.31125572,8.241094,5.940196
2020-07-14 15:19:35,2330,0.48843205,8.186026,6.184412
2020-07-14 15:19:35,2340,0.79250497,8.162083,6.4980617
2020-07-14 15:19:35,2350,1.0941836,8.162083,6.732701
2020-07-14 15:19:35,2360,1.3814965,8.224334,6.771009
2020-07-14 15:19:35,2370,1.5299416,8.260248,6.4980617
2020-07-14 15:19:35,2381,1.5371244,8.241094,6.2490573
2020-07-14 15:19:35,2390,1.5131817,8.195602,5.9641385
2020-07-14 15:19:35,2400,1.5826156,8.114198,5.870762
2020-07-14 15:19:35,2411,1.7454263,8.035186,5.9018874
2020-07-14 15:19:35,2421,1.9920366,7.92505,5.906676
2020-07-14 15:19:36,2430,2.221887,7.927444,5.8947043
2020-07-14 15:19:36,2440,2.2314641,7.903501,5.89231
2020-07-14 15:19:36,2451,2.063865,7.922655,5.968927
2020-07-14 15:19:36,2460,1.7119064,7.9178667,6.0766697
2020-07-14 15:19:36,2470,1.3024855,7.970541,6.193989
2020-07-14 15:19:36,2481,0.84278476,8.025609,6.2514515
2020-07-14 15:19:36,2490,0.36632404,8.051947,6.1532865
2020-07-14 15:19:36,2500,0.0023942748,8.097438,5.9832926
2020-07-14 15:19:36,2511,-0.22266756,8.152506,5.607392
2020-07-14 15:19:36,2520,-0.31843856,8.262642,5.138114
2020-07-14 15:19:36,2530,-0.39505535,8.389539,4.5682764
2020-07-14 15:19:36,2541,-0.5123748,8.521224,3.9697077
2020-07-14 15:19:36,2550,-0.6105401,8.58587,3.5650752
2020-07-14 15:19:36,2561,-0.9026416,8.667274,3.11974
2020-07-14 15:19:36,2570,-1.0678465,8.775017,2.7294734
2020-07-14 15:19:36,2580,-1.1277034,8.906702,2.439766
2020-07-14 15:19:36,2591,-1.0462981,9.086273,2.0279508
2020-07-14 15:19:36,2600,-1.0319325,9.184438,1.8747171
2020-07-14 15:19:36,2610,-1.1181264,9.364009,1.8196489
2020-07-14 15:19:36,2621,-1.2546,9.462174,1.8411974
2020-07-14 15:19:36,2630,-1.2210802,9.553157,1.9034485
2020-07-14 15:19:36,2640,-1.0870007,9.60583,1.802889
2020-07-14 15:19:36,2651,-0.74222517,9.656111,1.6185298
2020-07-14 15:19:36,2660,-0.21787901,9.672871,0.9696813
2020-07-14 15:19:36,2670,0.16041641,9.663293,0.56265455
2020-07-14 15:19:36,2681,0.7901107,9.627379,0.019154198
2020-07-14 15:19:36,2690,1.1731946,9.5483675,0.09577099
2020-07-14 15:19:36,2700,1.541913,9.387952,0.25139886
2020-07-14 15:19:36,2710,1.6855695,9.306546,0.26337022
2020-07-14 15:19:36,2720,2.0614705,9.115005,0.4644893
2020-07-14 15:19:36,2731,2.2697725,9.007262,0.6943397
2020-07-14 15:19:36,2740,2.3320236,8.882759,0.87630457
2020-07-14 15:19:36,2750,2.248224,8.746285,1.1684061
2020-07-14 15:19:36,2761,2.0878077,8.55235,1.4365649
2020-07-14 15:19:36,2770,1.8842943,8.411087,1.7358493
2020-07-14 15:19:36,2780,1.5323359,8.116591,2.6265194
2020-07-14 15:19:36,2790,1.2617828,7.905895,3.2921278
2020-07-14 15:19:36,2801,0.9241901,7.7502675,3.8715425
2020-07-14 15:19:36,2810,0.4740664,7.5683026,4.415043
2020-07-14 15:19:36,2820,0.21548474,7.3600006,4.5898247
2020-07-14 15:19:36,2831,0.06943397,7.118179,4.4916596
2020-07-14 15:19:36,2840,0.105348095,6.91706,4.4653225
2020-07-14 15:19:36,2850,0.29689008,6.6584783,4.932206
2020-07-14 15:19:36,2861,0.29689008,6.5411587,5.559506
2020-07-14 15:19:36,2870,0.031125572,6.3759537,5.880339
2020-07-14 15:19:36,2880,-0.21787901,6.1556807,5.8324533
2020-07-14 15:19:36,2891,-0.23942748,5.940196,5.727105
2020-07-14 15:19:36,2900,-0.11492519,5.794145,5.5906315
2020-07-14 15:19:36,2910,0.22266756,5.6768255,5.6744313
2020-07-14 15:19:36,2921,0.36871833,5.5978146,5.9186473
2020-07-14 15:19:36,2930,0.31843856,5.480495,6.229903
2020-07-14 15:19:36,2940,0.15083931,5.3488097,6.7566433
2020-07-14 15:19:36,2951,-0.16520496,5.1644506,7.1397276
2020-07-14 15:19:36,2960,-0.45251793,4.9968514,7.491686
2020-07-14 15:19:36,2970,-0.6201172,4.826858,7.755056
2020-07-14 15:19:36,2981,-0.6895511,4.6832013,7.929838
2020-07-14 15:19:36,2990,-0.7206767,4.539545,8.10462
2020-07-14 15:19:36,3000,-0.7948992,4.455745,8.353624
2020-07-14 15:19:36,3011,-0.967287,4.4677167,8.456578
2020-07-14 15:19:36,3020,-1.1923488,4.479688,8.518829
2020-07-14 15:19:36,3030,-1.359948,4.4198313,8.751075
2020-07-14 15:19:36,3041,-1.472479,4.2402606,9.153313
2020-07-14 15:19:36,3050,-1.5538844,3.9002736,9.440625
2020-07-14 15:19:36,3060,-1.5634614,3.5004299,9.431048
2020-07-14 15:19:36,3071,-1.6017698,3.1676257,9.354432
2020-07-14 15:19:36,3080,-1.594587,2.9473522,9.134158
2020-07-14 15:19:36,3090,-1.5874043,2.8420043,8.959376
2020-07-14 15:19:36,3101,-1.4916332,2.796513,8.834874
2020-07-14 15:19:36,3110,-1.4078336,2.7653873,8.976136
2020-07-14 15:19:36,3120,-1.4293821,2.631308,9.299363
2020-07-14 15:19:36,3131,-1.4557191,2.5235655,9.433443
2020-07-14 15:19:36,3140,-1.4700848,2.2889266,9.481328
2020-07-14 15:19:36,3150,-1.3527653,1.9728824,9.591465
2020-07-14 15:19:36,3161,-1.211503,1.786129,9.6585045
2020-07-14 15:19:36,3174,-1.0343267,1.6185298,9.680053
2020-07-14 15:19:36,3180,-0.98404694,1.5490957,9.775824
2020-07-14 15:19:36,3190,-1.0008069,1.4772675,9.991309
2020-07-14 15:19:36,3200,-1.0032011,1.3431882,10.149331
2020-07-14 15:19:36,3211,-0.9577099,1.1803775,10.273833
2020-07-14 15:19:36,3220,-0.87630457,0.9864412,10.312141
2020-07-14 15:19:36,3230,-0.83081335,0.85236186,10.46777
2020-07-14 15:19:36,3241,-0.845179,0.7110996,10.510866
2020-07-14 15:19:36,3250,-0.8834874,0.57223165,10.494106
2020-07-14 15:19:36,3261,-0.8978531,0.45012367,10.621003
2020-07-14 15:19:36,3271,-0.9217958,0.3304099,10.836488
2020-07-14 15:19:36,3280,-0.93616146,0.15083931,10.838882
2020-07-14 15:19:36,3290,-0.8739103,-0.076616794,10.850853
2020-07-14 15:19:36,3301,-0.85236186,-0.23942748,10.834093
2020-07-14 15:19:36,3310,-0.8978531,-0.3615355,10.855642
2020-07-14 15:19:36,3320,-0.9505271,-0.4764607,10.860431
2020-07-14 15:19:36,3331,-0.9720756,-0.6273,10.836488
2020-07-14 15:19:36,3340,-0.9960183,-0.69912827,10.848459
2020-07-14 15:19:36,3350,-1.0846065,-0.7853221,10.793391
2020-07-14 15:19:36,3360,-1.1971374,-0.8236305,10.8700075
2020-07-14 15:19:36,3371,-1.3192455,-0.85954463,10.872402
2020-07-14 15:19:36,3380,-1.3958622,-0.90503585,10.925076
2020-07-14 15:19:36,3390,-1.4700848,-1.0223553,10.898739
2020-07-14 15:19:36,3400,-1.5826156,-1.175589,10.721562
2020-07-14 15:19:36,3411,-1.6400782,-1.3072741,10.601849
2020-07-14 15:19:36,3420,-1.6879637,-1.3719195,10.762265
2020-07-14 15:19:37,3430,-2.0399222,-1.3623424,12.277842
2020-07-14 15:19:37,3441,-2.7510219,-1.2953026,12.893169
2020-07-14 15:19:37,3452,-3.7853484,-1.4916332,14.054393
2020-07-14 15:19:37,3460,-4.479688,-1.8148603,13.882006
2020-07-14 15:19:37,3470,-5.3248672,-2.0973847,12.933872
2020-07-14 15:19:37,3480,-5.200365,-2.1141446,12.086299
2020-07-14 15:19:37,3490,-4.515602,-1.8148603,11.90194
2020-07-14 15:19:37,3501,-3.8619652,-1.3216397,11.063944
2020-07-14 15:19:37,3510,-3.2681851,-0.8739103,9.8787775
2020-07-14 15:19:37,3520,-2.657645,-0.6751855,8.8636055
2020-07-14 15:19:37,3531,-2.0686533,-0.7015225,8.1549
2020-07-14 15:19:37,3540,-1.8675344,-0.8044763,7.905895
2020-07-14 15:19:37,3550,-1.9537282,-1.0439038,7.980118
2020-07-14 15:19:37,3561,-2.3583608,-1.1899546,8.317711
2020-07-14 15:19:37,3570,-2.6337023,-1.3072741,8.652909
2020-07-14 15:19:37,3580,-2.8563697,-1.4317763,9.234718
2020-07-14 15:19:37,3591,-2.8300328,-1.5395187,10.05356
2020-07-14 15:19:37,3600,-2.569057,-1.5706443,10.23313
2020-07-14 15:19:37,3610,-2.2985039,-1.5443072,10.338479
2020-07-14 15:19:37,3621,-1.776552,-1.4317763,10.515655
2020-07-14 15:19:37,3630,-1.4868447,-1.2857256,10.441432
2020-07-14 15:19:37,3641,-1.4221992,-1.2162915,10.269045
2020-07-14 15:19:37,3650,-1.3575538,-1.211503,10.010463
2020-07-14 15:19:37,3660,-1.2234744,-1.2593886,9.838076
2020-07-14 15:19:37,3671,-1.0678465,-1.3264283,9.766247
2020-07-14 15:19:37,3681,-0.86912173,-1.3455825,9.624985
2020-07-14 15:19:37,3690,-0.69912827,-1.3958622,9.466963
2020-07-14 15:19:37,3700,-0.4836435,-1.3886794,9.399923
2020-07-14 15:19:37,3710,-0.30646718,-1.4605076,9.466963
2020-07-14 15:19:37,3721,-0.18675344,-1.5227587,9.522031
2020-07-14 15:19:37,3730,-0.22745611,-1.5706443,9.505271
2020-07-14 15:19:37,3740,-0.30167863,-1.6017698,9.483723
2020-07-14 15:19:37,3750,-0.37590113,-1.5897985,9.555551
2020-07-14 15:19:37,3761,-0.4956149,-1.5227587,9.567522
2020-07-14 15:19:37,3770,-0.58420306,-1.3958622,9.447808
2020-07-14 15:19:37,3780,-0.5602603,-1.3216397,9.466963
2020-07-14 15:19:37,3790,-0.4836435,-1.2713599,9.653716
2020-07-14 15:19:37,3801,-0.505192,-1.2354459,9.780613
2020-07-14 15:19:37,3810,-0.5913859,-1.2498114,9.909904
2020-07-14 15:19:37,3820,-0.6847626,-1.2569942,10.039194
2020-07-14 15:19:37,3830,-0.8092649,-1.2881198,10.07032
2020-07-14 15:19:37,3841,-0.8739103,-1.3216397,9.931452
2020-07-14 15:19:37,3850,-0.84996754,-1.3431882,9.953
2020-07-14 15:19:37,3860,-0.80208206,-1.3120626,9.859624
2020-07-14 15:19:37,3871,-0.8332076,-1.2569942,9.670476
2020-07-14 15:19:37,3880,-0.81165916,-1.2162915,9.601042
2020-07-14 15:19:37,3891,-0.69194543,-1.2569942,9.670476
2020-07-14 15:19:37,3900,-0.67757976,-1.2546,9.711179
2020-07-14 15:19:37,3910,-0.723071,-1.2641771,9.601042
2020-07-14 15:19:37,3921,-0.72546524,-1.2809371,9.665688
2020-07-14 15:19:37,3930,-0.68236834,-1.2833313,9.852441
2020-07-14 15:19:37,3940,-0.6943397,-1.2785428,9.909904
2020-07-14 15:19:37,3951,-0.6895511,-1.2737542,9.8237095
2020-07-14 15:19:37,3960,-0.65363705,-1.2905141,9.754275
2020-07-14 15:19:37,3971,-0.56265455,-1.2881198,9.766247
2020-07-14 15:19:37,3980,-0.53871185,-1.2713599,9.744699
2020-07-14 15:19:37,3991,-0.4764607,-1.3048798,9.701602
2020-07-14 15:19:37,4001,-0.4070267,-1.3407938,9.730332
2020-07-14 15:19:37,4010,-0.339987,-1.359948,9.792584
2020-07-14 15:19:37,4021,-0.35435268,-1.3886794,9.742304
2020-07-14 15:19:37,4030,-0.38547826,-1.4126221,9.761458
2020-07-14 15:19:37,4041,-0.42378664,-1.4293821,9.735122
2020-07-14 15:19:37,4050,-0.42139238,-1.4413534,9.7135725
2020-07-14 15:19:37,4060,-0.4166038,-1.4365649,9.742304
2020-07-14 15:19:37,4071,-0.43336374,-1.4221992,9.8237095
2020-07-14 15:19:37,4080,-0.45491222,-1.4221992,9.852441
2020-07-14 15:19:37,4090,-0.44533512,-1.3814965,9.842864
2020-07-14 15:19:37,4101,-0.409421,-1.376708,9.857229
2020-07-14 15:19:37,4110,-0.36392978,-1.3647367,9.862018
2020-07-14 15:19:37,4120,-0.34956414,-1.359948,9.862018
2020-07-14 15:19:37,4131,-0.29689008,-1.3192455,9.780613
2020-07-14 15:19:37,4140,-0.21787901,-1.3192455,9.711179
2020-07-14 15:19:37,4150,-0.13168511,-1.3216397,9.754275
2020-07-14 15:19:37,4161,-0.05506832,-1.324034,9.778218
2020-07-14 15:19:37,4171,-0.031125572,-1.3695252,9.759064
2020-07-14 15:19:37,4180,-0.011971374,-1.3910737,9.72315
2020-07-14 15:19:37,4190,0.016759925,-1.3886794,9.727939
2020-07-14 15:19:37,4200,0.021548472,-1.4221992,9.711179
2020-07-14 15:19:37,4211,0.045491222,-1.4174107,9.677659
2020-07-14 15:19:37,4220,0.0047885496,-1.4006507,9.634562
2020-07-14 15:19:37,4231,-0.038308397,-1.3886794,9.677659
2020-07-14 15:19:37,4240,-0.071828246,-1.3743137,9.684841
2020-07-14 15:19:37,4251,-0.13647367,-1.4174107,9.759064
2020-07-14 15:19:37,4260,-0.18914771,-1.4557191,9.840469
2020-07-14 15:19:37,4270,-0.26337022,-1.4820561,9.881172
2020-07-14 15:19:37,4280,-0.34477556,-1.4700848,9.859624
2020-07-14 15:19:37,4291,-0.4166038,-1.4820561,9.811738
2020-07-14 15:19:37,4300,-0.4166038,-1.4581133,9.79019
2020-07-14 15:19:37,4310,-0.41181526,-1.3791022,9.833286
2020-07-14 15:19:37,4321,-0.3328042,-1.297697,9.852441
2020-07-14 15:19:37,4330,-0.3519584,-1.2354459,9.835681
2020-07-14 15:19:37,4340,-0.45730647,-1.2546,9.75667
2020-07-14 15:19:37,4351,-0.43575802,-1.324034,9.73991
2020-07-14 15:19:37,4360,-0.41420954,-1.4126221,9.718362
2020-07-14 15:19:37,4371,-0.3423813,-1.4772675,9.787795
2020-07-14 15:19:37,4380,-0.31365,-1.3647367,9.660899
2020-07-14 15:19:37,4390,-0.17238778,-1.3575538,9.457385
2020-07-14 15:19:37,4400,-0.083799616,-1.3551595,9.555551
2020-07-14 15:19:37,4411,-0.08858817,-1.350371,9.63935
2020-07-14 15:19:37,4420,-0.17238778,-1.359948,9.663293
2020-07-14 15:19:38,4430,-0.31843856,-1.3312168,9.838076
2020-07-14 15:19:38,4440,-0.4836435,-1.3934679,10.012857
2020-07-14 15:19:38,4450,-0.679974,-1.462902,10.2091875
2020-07-14 15:19:38,4460,-0.8379962,-1.5059988,10.185245
2020-07-14 15:19:38,4470,-0.92658436,-1.525153,10.146936
2020-07-14 15:19:38,4480,-0.89067024,-1.5323359,10.099051
2020-07-14 15:19:38,4491,-0.80208206,-1.4820561,9.9889145
2020-07-14 15:19:38,4500,-0.69912827,-1.3719195,9.862018
2020-07-14 15:19:38,4510,-0.4932206,-1.2067145,9.531608
2020-07-14 15:19:38,4520,-0.2777359,-1.185166,9.407105
2020-07-14 15:19:38,4530,-0.14844504,-1.2426286,9.495694
2020-07-14 15:19:38,4540,-0.11971374,-1.3144568,9.545974
2020-07-14 15:19:38,4550,-0.20590763,-1.4102279,9.565128
2020-07-14 15:19:38,4561,-0.3232271,-1.4796618,9.675264
2020-07-14 15:19:38,4570,-0.39505535,-1.472479,9.751882
2020-07-14 15:19:38,4580,-0.50998056,-1.472479,9.8787775
2020-07-14 15:19:38,4590,-0.50998056,-1.4174107,9.888355
2020-07-14 15:19:38,4600,-0.50758624,-1.359948,9.873989
2020-07-14 15:19:38,4610,-0.4668836,-1.3192455,9.866806
2020-07-14 15:19:38,4620,-0.42378664,-1.3192455,9.864412
2020-07-14 15:19:38,4630,-0.45251793,-1.3383996,9.814133
2020-07-14 15:19:38,4641,-0.45730647,-1.3814965,9.783007
2020-07-14 15:19:38,4650,-0.43096948,-1.4054393,9.792584
2020-07-14 15:19:38,4660,-0.42618093,-1.4341706,9.77343
2020-07-14 15:19:38,4670,-0.43336374,-1.4126221,9.778218
2020-07-14 15:19:38,4680,-0.4932206,-1.3719195,9.727939
2020-07-14 15:19:38,4690,-0.4956149,-1.3719195,9.725544
2020-07-14 15:19:38,4700,-0.4644893,-1.3910737,9.75667
2020-07-14 15:19:38,4711,-0.50998056,-1.3910737,9.766247
2020-07-14 15:19:38,4720,-0.531529,-1.3982565,9.763853
2020-07-14 15:19:38,4730,-0.53871185,-1.4102279,9.759064
2020-07-14 15:19:38,4740,-0.52913475,-1.4126221,9.783007
2020-07-14 15:19:38,4750,-0.5411061,-1.3791022,9.804555
2020-07-14 15:19:38,4760,-0.54350036,-1.3623424,9.816526
2020-07-14 15:19:38,4770,-0.50998056,-1.3360053,9.809344
2020-07-14 15:19:38,4781,-0.48843205,-1.3743137,9.771035
2020-07-14 15:19:38,4790,-0.46209505,-1.3958622,9.775824
2020-07-14 15:19:38,4800,-0.45730647,-1.4126221,9.761458
2020-07-14 15:19:38,4810,-0.5027977,-1.4126221,9.742304
2020-07-14 15:19:38,4820,-0.5123748,-1.3886794,9.732727
2020-07-14 15:19:38,4830,-0.4932206,-1.3671309,9.780613
2020-07-14 15:19:38,4840,-0.46209505,-1.376708,9.780613
2020-07-14 15:19:38,4851,-0.4932206,-1.4078336,9.759064
2020-07-14 15:19:38,4860,-0.49800915,-1.3791022,9.830893
2020-07-14 15:19:38,4870,-0.5650489,-1.3647367,9.8237095
2020-07-14 15:19:38,4880,-0.6177229,-1.3216397,9.780613
2020-07-14 15:19:38,4890,-0.5554718,-1.324034,9.768641
2020-07-14 15:19:38,4900,-0.4956149,-1.333611,9.732727
2020-07-14 15:19:38,4910,-0.4070267,-1.350371,9.747093
2020-07-14 15:19:38,4921,-0.37590113,-1.3910737,9.715967
2020-07-14 15:19:38,4930,-0.37829542,-1.3982565,9.73991
2020-07-14 15:19:38,4940,-0.3974496,-1.0774237,9.818921
2020-07-14 15:19:38,4950,-0.057462595,-1.4341706,9.088667
2020-07-14 15:19:38,4960,-0.11013664,-1.7526091,9.785401
2020-07-14 15:19:38,4970,-0.35674694,-1.6328955,9.976943
2020-07-14 15:19:38,4980,-0.5913859,-1.5874043,9.792584
2020-07-14 15:19:38,4990,-0.81644773,-1.4365649,10.271439
2020-07-14 15:19:38,5001,-0.96489275,-1.4389591,10.199611
2020-07-14 15:19:38,5010,-0.98404694,-1.446142,10.146936
2020-07-14 15:19:38,5020,-0.91461295,-1.4844503,10.077502
2020-07-14 15:19:38,5030,-0.84278476,-1.3479767,10.00328
2020-07-14 15:19:38,5041,-0.7446195,-1.201926,9.859624
2020-07-14 15:19:38,5050,-0.6608198,-1.1157321,9.699207
2020-07-14 15:19:38,5060,-0.52674043,-0.8978531,9.620196
